1.232071527729441272e+02
1.708022527423306656e+02
1.830076901850672471e+02
1.865452143152380700e+02
1.124451800112669275e+02
1.587159296009434115e+02
1.848290305737465076e+02
1.436037487366750440e+02
1.657838744971673748e+02
1.697886436598725481e+02
1.037304923490709569e+02
1.578011188120712802e+02
1.734917890896337838e+02
1.557212364105068332e+02
1.574664185722727154e+02
1.223538851240485741e+02
1.491131314320674903e+02
1.780481925801146588e+02
1.101187965926338705e+02
1.250630886068659464e+02
1.765131438033634481e+02
1.019468101084838310e+02
1.477731353193400423e+02
1.142372451291391968e+02
1.267746670814477170e+02
1.617763100492163062e+02
1.084487869341443655e+02
1.083523611898318109e+02
1.155819585392176094e+02
1.332976608968272103e+02
1.048453506723828781e+02
1.812682188050787317e+02
1.012103198414774994e+02
1.042650863806162675e+02
1.144817151511876148e+02
1.743303389574072071e+02
1.313191906600601726e+02
1.055414982803439443e+02
1.513597164324666267e+02
1.619609296786738071e+02
1.521731559392201234e+02
1.806933950678796919e+02
1.117303651038660348e+02
1.534112760309879775e+02
1.549993400155246377e+02
1.611719970122368579e+02
1.091369297256470503e+02
1.410357584629154246e+02
1.725848297833269669e+02
1.222317627323389644e+02
1.744269171000649123e+02
1.579605012230069292e+02
1.654280993131703212e+02
1.000512437980129334e+02
1.989744592595522477e+02
1.496839485190434118e+02
1.227137855673192490e+02
1.895529034937864594e+02
1.418151095590435489e+02
1.892677045646624947e+02
1.026604632399479300e+02
1.643082451993348059e+02
1.131959389253865140e+02
1.599342668913087948e+02
1.121744760336348605e+02
1.685413123736554439e+02
1.061879406860842892e+02
1.335029966298894237e+02
1.852397195915928307e+02
1.292854041454442324e+02
1.387031977941157379e+02
1.758273699119744435e+02
1.258178657167145786e+02
1.532381113894665532e+02
1.615923055944628004e+02
1.445031383857504181e+02
1.586264484347575774e+02
1.362599010753257005e+02
1.054533476638747942e+02
1.488467789774674088e+02
1.347940271895182320e+02
1.434047881313685480e+02
1.085551833316988279e+02
1.296560159605100182e+02
1.128390992197525406e+02
1.436049111954804971e+02
1.520236265461954872e+02
1.461495861663537141e+02
1.813877606338673729e+02
1.796724035307972542e+02
1.521272477060157371e+02
1.019822483566613300e+02
1.507787890165517979e+02
1.093921893200260769e+02
1.712558871203772242e+02
1.184716068122834400e+02
1.192811886320142065e+02
1.727902489555809780e+02
1.557051260216035189e+02
1.328794028831014487e+02
1.571147111384101436e+02
1.864149982200748923e+02
1.049443683348974758e+02
1.501860691583455605e+02
1.392039005218447585e+02
1.287130779069662196e+02
1.608442322899307442e+02
1.094789975344572213e+02
1.518405381398690679e+02
1.068634911932397813e+02
1.188101792212065391e+02
1.567453829286268387e+02
1.699553369992538308e+02
1.088863806298020762e+02
1.661482091872949809e+02
1.509426257177883883e+02
1.215618028278933735e+02
1.502172433034095320e+02
1.394567183468444682e+02
1.228171478008167981e+02
1.385675527751476750e+02
1.185674700322460637e+02
1.564534981774124276e+02
1.540718335150016856e+02
1.460116047538610360e+02
1.184756907768762062e+02
1.384956542763209484e+02
1.287700697968854797e+02
1.406387865457998601e+02
1.102667173929240931e+02
1.979657643983804576e+02
1.228953234896635962e+02
1.447752066871688896e+02
1.868066989143654553e+02
1.021215520829264278e+02
1.329741592207360554e+02
1.052663552124359256e+02
1.639874035829400327e+02
1.220235298006369646e+02
1.289914671065023697e+02
1.058298745046202782e+02
1.308507073546854258e+02
1.263310147791480489e+02
1.190847476728565226e+02
1.912558383082592854e+02
1.016400860450815600e+02
1.756149542982518028e+02
1.352176287567036752e+02
1.580342065678851213e+02
1.036436012565067841e+02
1.446499464421159189e+02
1.096880703736241713e+02
1.478282152040981430e+02
1.279447573661786777e+02
1.343547098894957230e+02
1.051839545742677444e+02
1.206822555173356193e+02
1.563489705256510263e+02
1.612930673974078672e+02
1.167829779423137637e+02
1.397252794454084039e+02
1.153937015660972065e+02
1.885321067249013254e+02
1.451403683551108941e+02
1.168543352356933269e+02
1.301893018975450502e+02
1.142108744768693072e+02
1.941955636611996567e+02
1.677490530222898428e+02
1.014741485955944285e+02
1.595938043260182724e+02
1.291083914794059240e+02
1.500646840078406967e+02
1.321242505757251138e+02
1.944302010413812809e+02
1.595119117654879233e+02
1.536491422209950031e+02
1.019069133968201299e+02
1.287280914180433626e+02
1.254454614109462227e+02
1.810259005689073604e+02
1.534975662085215902e+02
1.139661324255683326e+02
1.386785757653887572e+02
1.528809349540526341e+02
1.023202527473265917e+02
1.264102663453893598e+02
1.428642550711848855e+02
1.700578652374048545e+02
1.084609911933056736e+02
1.544046560592231288e+02
1.707206813981600533e+02
1.489473276532233967e+02
1.798372451478867617e+02
1.264703724283093891e+02
1.316539301001334650e+02
1.476131766598225852e+02
1.395604212312053392e+02
1.107944310143881665e+02
1.235167997499199117e+02
